
1 300000 1.383174e+02  82.021697 -47.394784 20.233274 -1.523948 71.435102 48.175489 -6.838910 -85.674591 58.845849 -8.966267 21.752294 53.500698 76.839455 43.709793 -57.576817 -16.485500 78.631681 75.110261 -16.137636 70.865264 -79.567830 -26.467832 56.384104 -88.221073 -65.805072 -52.343495 -52.668037 21.195588 -34.678713 -14.174111
2 300000 6.924031e+00  82.025881 -47.395408 20.232517 -1.524290 71.430596 48.177099 -6.835534 -85.670994 58.852743 -8.953486 21.778159 53.551511 76.926972 43.875388 -57.276594 -15.988368 79.358924 75.994524 -15.240657 71.682897 -78.897685 -26.022551 56.586661 -88.160812 -64.981865 -53.488272 -54.220357 18.691564 -40.994367 -54.213024
3 300000 5.226944e+01  82.025881 -47.395408 20.232517 -1.524290 71.430596 48.177099 -6.835534 -85.670994 58.852743 -8.953486 21.778159 53.551511 76.926972 43.875388 -57.276594 -15.988368 79.358924 75.994524 -15.240657 71.682897 -78.897685 -26.022551 56.586661 -88.160812 -64.981865 -53.488272 -54.220357 18.691564 -40.994367 -54.213024
4 300000 2.696658e+00  82.022738 -47.396263 20.231794 -1.521175 71.433611 48.177252 -6.836711 -85.670905 58.853177 -8.953358 21.778352 53.549374 76.926777 43.877764 -57.272597 -15.974663 79.382828 76.038807 -15.157975 71.844495 -78.604676 -25.530191 57.285604 -87.377656 -64.273225 -52.971880 -53.945073 18.761224 -40.994213 -54.212780
5 201880 9.965380e-03  82.023238 -47.395201 20.231527 -1.523015 71.433902 48.177403 -6.835973 -85.669536 58.852986 -8.953286 21.777635 53.548606 76.926210 43.877126 -57.272194 -15.973044 79.384421 76.042656 -15.151362 71.856736 -78.580033 -25.484538 57.368394 -87.227879 -64.005409 -52.513550 -53.252093 19.638954 -40.091083 -53.376572
6 300000 2.069625e-01  82.023238 -47.395201 20.231527 -1.523015 71.433902 48.177403 -6.835973 -85.669536 58.852986 -8.953286 21.777635 53.548606 76.926210 43.877126 -57.272194 -15.973044 79.384421 76.042656 -15.151362 71.856736 -78.580033 -25.484538 57.368394 -87.227879 -64.005409 -52.513550 -53.252093 19.638954 -40.091083 -53.376572
7 300000 5.932722e+00  82.023238 -47.395201 20.231527 -1.523015 71.433902 48.177403 -6.835973 -85.669536 58.852986 -8.953286 21.777635 53.548606 76.926210 43.877126 -57.272194 -15.973044 79.384421 76.042656 -15.151362 71.856736 -78.580033 -25.484538 57.368394 -87.227879 -64.005409 -52.513550 -53.252093 19.638954 -40.091083 -53.376572
8 171620 9.998451e-03  82.023238 -47.395201 20.231527 -1.523015 71.433902 48.177403 -6.835973 -85.669536 58.852986 -8.953286 21.777635 53.548606 76.926210 43.877126 -57.272194 -15.973044 79.384421 76.042656 -15.151362 71.856736 -78.580033 -25.484538 57.368394 -87.227879 -64.005409 -52.513550 -53.252093 19.638954 -40.091083 -53.376572
9 300000 4.391203e+00  82.023238 -47.395201 20.231527 -1.523015 71.433902 48.177403 -6.835973 -85.669536 58.852986 -8.953286 21.777635 53.548606 76.926210 43.877126 -57.272194 -15.973044 79.384421 76.042656 -15.151362 71.856736 -78.580033 -25.484538 57.368394 -87.227879 -64.005409 -52.513550 -53.252093 19.638954 -40.091083 -53.376572
10 300000 3.994112e+00  82.023238 -47.395201 20.231527 -1.523015 71.433902 48.177403 -6.835973 -85.669536 58.852986 -8.953286 21.777635 53.548606 76.926210 43.877126 -57.272194 -15.973044 79.384421 76.042656 -15.151362 71.856736 -78.580033 -25.484538 57.368394 -87.227879 -64.005409 -52.513550 -53.252093 19.638954 -40.091083 -53.376572
11 300000 3.987993e+00  82.023238 -47.395201 20.231527 -1.523015 71.433902 48.177403 -6.835973 -85.669536 58.852986 -8.953286 21.777635 53.548606 76.926210 43.877126 -57.272194 -15.973044 79.384421 76.042656 -15.151362 71.856736 -78.580033 -25.484538 57.368394 -87.227879 -64.005409 -52.513550 -53.252093 19.638954 -40.091083 -53.376572
12 217300 9.984698e-03  82.023238 -47.395201 20.231527 -1.523015 71.433902 48.177403 -6.835973 -85.669536 58.852986 -8.953286 21.777635 53.548606 76.926210 43.877126 -57.272194 -15.973044 79.384421 76.042656 -15.151362 71.856736 -78.580033 -25.484538 57.368394 -87.227879 -64.005409 -52.513550 -53.252093 19.638954 -40.091083 -53.376572
13 300000 2.191250e-01  82.023238 -47.395201 20.231527 -1.52