
1 168 0.818269  Position:  -0.054564 -0.902935
2 288 0.513261  Position:  0.687255 -0.202338
3 168 0.687643  Position:  0.248331 -0.791186
4 228 0.280675  Position:  -0.502455 0.167969
5 168 0.509626  Position:  -0.601197 -0.384952
6 228 0.401633  Position:  0.607943 0.178994
7 120 0.068800  Position:  -0.255631 0.058764
8 312 0.212046  Position:  -0.101844 0.449081
9 156 0.739187  Position:  -0.025731 -0.859375
10 132 0.103815  Position:  0.277720 -0.163358
11 300 0.133755  Position:  0.363217 -0.042761
12 192 0.641563  Position:  0.123452 0.791405
13 276 0.650646  Position:  0.608132 -0.529926
14 192 0.612431  Position:  0.659460 -0.421359
15 132 0.191356  Position:  0.397219 0.183229
16 180 0.819916  Position:  0.399355 0.812669
17 252 0.235451  Position:  -0.211489 -0.436719
18 192 0.483952  Position:  -0.134894 -0.682463
19 204 0.615923  Position:  0.772244 -0.139868
20 252 0.190846  Position:  -0.407815 -0.156630
21 192 0.391442  Position:  0.359315 0.512186
22 264 0.115819  Position:  0.053820 -0.336039
23 156 0.836502  Position:  -0.709887 0.576682
24 276 0.269074  Position:  0.307285 -0.417911
25 192 0.134712  Position:  -0.280645 0.236539
26 216 0.205031  Position:  -0.265377 0.366887
27 192 0.583198  Position:  -0.619260 -0.446895
28 156 0.730479  Position:  0.056128 0.852836
29 240 0.070859  Position:  -0.232377 -0.129847
30 84 0.806668  Position:  -0.351012 0.826716
31 240 0.108094  Position:  -0.262048 0.198558
32 180 0.583819  Position:  0.763138 0.037940
33 240 0.142883  Position:  -0.353682 -0.133387
34 180 0.266012  Position:  0.508659 0.085313
35 204 0.556377  Position:  0.694796 0.271358
36 228 0.403743  Position:  0.558749 0.302560
37 96 0.358218  Position:  -0.434084 -0.412056
38 168 0.411692  Position:  -0.612993 0.189558
39 180 0.026868  Position:  0.004017 0.163864
40 180 0.729349  Position:  0.849947 -0.083305
41 156 0.727826  Position:  0.557339 -0.645910
42 288 0.208639  Position:  0.448710 0.085431
43 180 0.483110  Position:  0.349071 -0.601049
44 288 0.327933  Position:  0.260163 -0.510145
45 312 0.353353  Position:  -0.269827 0.529667
46 276 0.504579  Position:  -0.709848 0.026356
47 156 0.244887  Position:  -0.048227 0.492505
48 300 0.176420  Position:  0.291508 -0.302395
49 132 0.319000  Position:  0.319323 -0.465867
50 240 0.161534  Position:  -0.395259 0.072829
51 180 0.238004  Position:  0.229914 -0.430283
52 168 0.609429  Position:  -0.221077 0.748701
53 168 0.117439  Position:  -0.113829 -0.323236
54 264 0.795189  Position:  -0.827621 0.332011
55 204 0.182768  Position:  0.338429 -0.261216
56 240 0.888710  Position:  -0.901503 0.275686
57 120 0.717374  Position:  0.160402 -0.831652
58 264 0.289942  Position:  0.191090 0.503415
59 144 0.718616  Position:  0.030254 -0.847172
60 288 0.507957  Position:  0.090688 0.706918
61 156 0.116174  Position:  -0.218122 -0.261910
62 84 0.377797  Position:  0.614318 0.020243
63 168 0.787848  Position:  -0.303855 -0.833978
64 72 0.246173  Position:  0.431616 -0.244705
65 216 0.691939  Position:  -0.249876 0.793411
66 228 0.363868  Position:  -0.297888 -0.524529
67 144 0.555960  Position:  -0.458823 -0.587742
68 180 0.003209  Position:  0.048260 -0.029659
69 60 0.651585  Position:  0.174385 -0.788146
70 264 0.714795  Position:  -0.119757 -0.836931
71 252 0.429776  Position:  0.272058 -0.596456
72 168 0.875788  Position:  -0.829412 0.433433
73 180 0.511451  Position:  -0.009483 0.715095
74 228 0.014735  Position:  0.117473 0.030586
75 252 0.174632  Position:  -0.336715 0.247498
76 264 0.318680  Position:  0.507589 0.247049
77 192 0.297653  Position:  -0.018210 -0.545272
78 132 0.007694  Position:  0.040867 -0.077615
79 276 0.401661  Position:  0.611287 -0.167300
80 252 0.366269  Position:  -0.526455 -0.298518
81 108 0.756038  Position:  0.035694 -0.868771
82 348 0.468405  Position:  0.532647 -0.429758
83 120 0.684338  Position:  0.279699 -0.778529
84 60 0.737219  Position:  0.416652 0.750747
85 228 0.780868  Position:  0.549108 0.692350
86 216 0.084422  Position:  0.272622 -0.100492
87 288 0.148273  Position:  0.377311 -0.076876
88 168 0.318548  Position:  -0.320669 -0.464456
89 288 0.799643  Position:  -0.775089 0.445959
90 216 0.654944  Position:  -0.650804 0.481039
91 216 0.609946  Position:  -0.705914 0.334113
92 144 0.330551  Position:  0.574909 0.005520
93 228 0.514582  Position:  -0.535532 -0.477271
94 180 0.570132  Position:  -0.282743 -0.700135
95 180 0.446676  Position:  -0.478296 -0.466807
96 144 0.813296  Position:  0.791661 0.431936
97 216 0.453150  Position:  -0.119664 0.662443
98 204 0.213563  Position:  -0.335514 -0.317795
99 120 0.118653  Position:  -0.279770 -0.200954
100 132 0.063983  Position:  0.246552 0.056525