
1 24 0.000000  Position:  -99.749748 -61.339152
2 24 0.000000  Position:  3.402814 -14.755699
3 24 0.000000  Position:  33.555101 -36.997589
4 24 0.000000  Position:  -54.301584 -54.112369
5 24 0.000000  Position:  59.050264 -85.943175
6 24 0.000000  Position:  58.635212 18.124943
7 24 0.000000  Position:  -13.657033 -51.481674
8 24 0.000000  Position:  -22.348704 16.196173
9 24 0.000000  Position:  0.338755 50.895718
10 24 0.000000  Position:  -48.612934 -76.775414
11 24 0.000000  Position:  -31.687368 -3.140355
12 24 0.000000  Position:  -88.769189 -83.001190
13 24 0.000000  Position:  71.892453 41.502121
14 24 0.000000  Position:  65.843684 -79.271828
15 24 0.000000  Position:  -35.862300 -67.406232
16 24 0.000000  Position:  20.676290 78.844569
17 24 0.000000  Position:  51.542711 48.924223
18 24 0.000000  Position:  22.519608 -42.246773
19 24 0.000000  Position:  -98.931852 63.499863
20 24 0.000000  Position:  -70.976897 71.684927
21 24 0.000000  Position:  -27.799310 -68.095950
22 24 0.000000  Position:  -96.752831 -66.618854
23 24 0.000000  Position:  73.943297 5.539109
24 24 0.000000  Position:  33.164464 29.960021
25 24 0.000000  Position:  -53.129673 69.908750
26 24 0.000000  Position:  76.213874 -76.360363
27 24 0.000000  Position:  -29.837947 -92.107913
28 24 0.000000  Position:  -71.196631 77.562792
29 24 0.000000  Position:  -6.381420 -11.935789
30 24 0.000000  Position:  20.902127 6.521805
31 24 0.000000  Position:  94.714194 77.941221
32 24 0.000000  Position:  35.483871 -47.190771
33 24 0.000000  Position:  60.600604 -17.752617
34 24 0.000000  Position:  -46.861171 86.956389
35 24 0.000000  Position:  -4.843287 6.253243
36 24 0.000000  Position:  21.567431 33.506272
37 24 0.000000  Position:  51.036103 -55.992309
38 24 0.000000  Position:  50.096133 -78.173162
39 24 0.000000  Position:  86.651204 -8.365123
40 24 0.000000  Position:  29.239784 -38.114566
41 24 0.000000  Position:  48.240608 -14.389477
42 24 0.000000  Position:  75.237281 -55.003510
43 24 0.000000  Position:  76.903592 -33.939634
44 24 0.000000  Position:  99.542222 69.652394
45 24 0.000000  Position:  -59.404279 65.025788
46 24 0.000000  Position:  3.378399 92.260506
47 24 0.000000  Position:  -8.792383 -80.272835
48 24 0.000000  Position:  -2.700888 2.945036
49 24 0.000000  Position:  46.568194 10.904263
50 24 0.000000  Position:  45.664846 26.346629
51 24 0.000000  Position:  -2.542192 -73.967711
52 24 0.000000  Position:  36.210211 -52.629170
53 24 0.000000  Position:  -60.313730 -52.366710
54 24 0.000000  Position:  74.559771 -38.016907
55 24 0.000000  Position:  31.101413 -33.433027
56 24 0.000000  Position:  -96.234016 52.989288
57 24 0.000000  Position:  73.595386 -79.717399
58 24 0.000000  Position:  48.850978 90.813929
59 24 0.000000  Position:  20.169683 -43.864254
60 24 0.000000  Position:  86.315500 59.300516
61 24 0.000000  Position:  6.967376 -80.364391
62 24 0.000000  Position:  38.676107 6.454665
63 24 0.000000  Position:  -89.727470 -32.255013
64 24 0.000000  Position:  94.012268 -79.735710
65 24 0.000000  Position:  28.586688 -92.840358
66 24 0.000000  Position:  50.474563 -70.543535
67 24 0.000000  Position:  89.611499 57.597583
68 24 0.000000  Position:  85.845515 29.300821
69 24 0.000000  Position:  -17.691580 40.055544
70 24 0.000000  Position:  52.031007 -67.650380
71 24 0.000000  Position:  13.937803 90.105899
72 24 0.000000  Position:  94.634846 44.279305
73 24 0.000000  Position:  92.071291 96.191290
74 24 0.000000  Position:  -2.548296 -35.398419
75 24 0.000000  Position:  31.608020 -37.119663
76 24 0.000000  Position:  52.031007 -87.487411
77 24 0.000000  Position:  -13.132115 99.176000
78 24 0.000000  Position:  52.177496 77.629933
79 24 0.000000  Position:  8.548235 31.748405
80 24 0.000000  Position:  13.504440 95.782342
81 24 0.000000  Position:  -74.199652 -56.718650
82 24 0.000000  Position:  17.960143 49.809259
83 24 0.000000  Position:  -46.751305 -64.287240
84 24 0.000000  Position:  -16.641743 -4.690695
85 24 0.000000  Position:  23.032319 18.521683
86 24 0.000000  Position:  -42.094180 11.459700
87 24 0.000000  Position:  41.807306 22.013001
88 24 0.000000  Position:  -60.271004 -23.227638
89 24 0.000000  Position:  72.808008 35.593738
90 24 0.000000  Position:  21.427046 69.884335
91 24 0.000000  Position:  42.863247 -28.934599
92 24 0.000000  Position:  59.575182 -4.684591
93 24 0.000000  Position:  -25.559252 50.895718
94 24 0.000000  Position:  69.273965 -65.703299
95 24 0.000000  Position:  -57.335124 21.500290
96 24 0.000000  Position:  -56.328013 20.511490
97 24 0.000000  Position:  -42.655721 91.534165
98 24 0.000000  Position:  98.522904 -59.105197
99 24 0.000000  Position:  -29.972228 -4.849391
100 24 0.000000  Position:  41.654714 61.412397